TCGA-BA-4074 0 0 0 0 0 0 20.38 207.15  189       20.380 209     180.84
TCGA-BA-4077 0 0 0 0 0 -0.0114 3.019 148.6   -426.699  3.019  147.275 -452.206
TCGA-BA-5558 0 0 0 0 0 0 -.25     149.5     59        0      150     54
TCGA-BB-7863 0 0 0 0 0 0 6.019 17.92   -301.699  6.019  14.92 -327.206
TCGA-BB-7872 0 0 0 0 0 0 216.519 185.92   -416.699  216.519  182.92 -442.206
TCGA-BB-A5HU 0 0 0 0 0 0 2.56  184.253 -401.452  2.56   183.910 -407.168
TCGA-CQ-5331 7.5 0 0 0 0 0 -2.57  48.353 -475.588 -2.57   48.922  -482.04
larynx1    0 0 0 0 0 0 28.6 -33.6 -20 28.6 -27.5 -75
larynx2_2  -5 0 0 0 0 0 -43.6 -28.6 -25 -43.5 -28.5 -70
larynx2_c2  0 0 0 0 0 0 -41.6 -28.7 -21 -41.5 -28.6 -70
larynx3_c1 0 0 0 0 0 0 17.0 20.0 33 17.5 20.5 28.5
larynx5_c1 0 0 0 0 0 0 9.0 22.0 -12 9.5 22.5 -17
larynx5_c2 0 0 0 0 0 0 -3.0 23.0 -12.5 -3.5 23.5 -17 
larynx6b   0 -2.36 0 0 0 0 1.0 19.0 -5.0 2.0 18.5 -10.0
larynx7a    0 2.36 0 0 0 0 -17.5 2.5 -5.0 -17.0 2.0 -10.0
larynx7b    0 -1.57 0 0 0 0 -18.0 5.10 -5.0 -17.5 5.5 -10.0
larynx8a    0 0 0 0 0 0 24.0 5.50 30.0 24.5 6.0 -20.0
larynx8b    0 0 0 0 0 0 22.0 5.50 30.0 22.5 6.0 -20.0